MZ	ID	RT	Area
445.21	1	11.32	10329773
362.151	2	9.61	6054647
702.291	3	15.97	7467068
716.308	4	16.82	7738895
507.224	5	13.98	4681022
660.282	6	15.58	4291758
326.303	7	19.16	3012247
401.084	8	7.39	5417323
362.151	9	13.17	3488397
727.276	10	16.92	4062026
441.372	11	20.56	2943048
674.297	12	16.67	2921899
348.133	13	11.04	2770108
403.201	14	8.93	2391962
279.158	15	16.48	2351424
281.246	16	15.3	1681637
637.328	17	18.26	1536136
313.106	18	9.21	1771185
695.335	19	19.03	1604791
299.257	20	15.3	1391017
277.07	21	8.44	1572552
457.366	22	18.63	2975538
654.292	23	13.96	2458421
420.156	24	13.77	1427479
711.281	25	19.2	1197967
673.303	26	16.84	1204657
443.388	27	19.2	1894589
640.274	28	12.62	1716806
391.285	29	25.47	732296
695.261	30	11.04	494294
471.383	31	23.54	725235
339.325	32	23.1	802489
344.183	33	7.44	865297
425.378	34	19.2	1378639
344.183	35	4.53	959980
295.227	36	14.37	800219
731.312	37	17.28	720173
369.263	38	12.47	713941
745.285	39	15.77	649555
360.136	40	13.77	719172
373.128	41	8.05	667841
619.366	42	16.01	552472
609.268	43	20.82	544747
662.298	44	16.16	631765
283.097	45	9.06	607108
313.238	46	9.44	727434
729.294	47	18.75	547433
581.218	48	14.71	1450232
327.218	49	9.12	660361
330.169	50	6.3	507654
831.306	51	18.37	480940
377.237	52	17.99	467082
612.284	53	13.19	936784
727.276	54	18.18	501788
659.29	55	14.37	412298
598.268	56	11.91	459518
443.352	57	13.3	375339
472.378	58	20.63	465413
417.08	59	4.23	419685
593.277	60	21.46	274257
269.211	61	13.11	455351
654.4	62	17.18	393961
359.156	63	12.87	406306
287.129	64	8.4	381918
709.265	65	18.18	337208
623.313	66	15.54	375567
301.18	67	14.51	324692
792.338	68	11.04	425753
1161.428	69	15.13	375077
489.248	70	17.26	312609
475.233	71	16.05	346679
676.31	72	17.48	334096
300.29	73	18.46	358323
295.227	74	15.94	1215326
455.352	75	20.63	858339
287.089	76	16.62	369831
729.294	77	18.33	324137
717.31	78	12.85	285105
287.129	79	5.8	340415
427.356	80	21.33	315055
318.301	81	10.1	277042
801.164	82	7.39	184221
313.238	83	14.37	352323
326.174	84	9.57	289185
459.383	85	20.56	326673
637.375	86	14.51	454494
1035.432	87	14	265997
365.123	88	5.93	237815
255.103	89	7.84	301436
335.222	90	4.81	242583
457.366	91	21.71	583924
441.372	92	23.76	265203
423.362	93	18.86	442642
313.238	94	10.17	316512
655.337	95	10.89	242681
673.303	96	12.34	232306
314.305	97	19.69	249473
255.232	98	14.17	213693
598.268	99	12.62	201340
659.354	100	17.18	314676
637.328	101	12.68	230031
707.307	102	17.09	223224
609.268	103	19.9	209893
441.372	104	24.18	244061
557.196	105	19.33	184106
413.268	106	25.49	186250
431.244	107	19.6	214462
887.199	108	7.39	140574
289.141	109	8.91	174301
298.274	110	16.05	181530
282.279	111	21.05	191996
625.267	112	20.29	171042
343.117	113	9.63	197115
724.311	114	17.31	184441
622.415	115	12.38	154529
343.117	116	7.65	194295
1161.428	117	14.71	165068
433.222	118	9.63	197975
387.07	119	7.03	570978
343.248	120	11.21	141411
324.289	121	17.05	156384
263.055	122	11.62	169410
849.315	123	17.97	180388
579.294	124	16.48	193267
457.366	125	20.48	417636
277.215	126	14.34	203266
475.377	127	10.66	412778
387.106	128	5.19	152924
297.184	129	13.58	157276
471.383	130	19.95	184901
619.397	131	15.82	191725
273.148	132	9.18	137966
410.305	133	5.93	192574
463.379	134	22.97	151285
467.195	135	11.34	418122
423.362	136	20.46	288732
861.289	137	13.77	128110
315.123	138	8.89	127827
401.163	139	13.77	183466
297.184	140	14.51	135654
297.243	141	16.99	373532
437.378	142	18.48	154758
369.059	143	7.39	115626
762.311	144	15.39	134456
245.138	145	2.67	163123
745.285	146	16.73	136014
612.284	147	12.11	167910
402.192	148	8.33	136590
341.269	149	19.31	113452
713.343	150	12.23	116762
473.363	151	19.33	149265
581.218	152	16.54	137307
443.388	153	18.69	229506
527.337	154	21.58	326549
718.289	155	12.98	175929
336.326	156	24.42	102643
455.385	157	22.39	142287
323.295	158	17.5	135289
417.224	159	18.56	140294
463.379	160	23.59	224146
301.143	161	8.84	131528
745.285	162	17.35	130263
431.207	163	19.2	180500
413.268	164	14.51	104862
662.298	165	12.98	136718
297.184	166	12.23	97671
718.314	167	17.71	64812
358.369	168	13.92	165761
331.284	169	20.63	144518
439.357	170	15.9	539590
240.986	171	0.76	104607
742.549	172	23.8	123628
279.23	173	14.62	109034
587.228	174	16.92	134597
449.288	175	20.61	117962
686.296	176	16.35	91997
718.345	177	14.24	98566
471.348	178	18.31	751448
453.371	179	18.03	145121
415.212	180	16.05	95926
377.32	181	19.54	116594
477.334	182	20.63	119677
383.351	183	23.5	98620
565.246	184	22.35	77985
311.163	185	5	77036
475.377	186	11.44	277826
447.236	187	10.83	120250
312.29	188	17.71	131167
437.378	189	18.8	120107
515.264	190	12.23	96364
285.111	191	9.04	76281
445.367	192	21.33	108911
395.368	193	18.99	110791
425.342	194	24.2	82675
457.366	195	20.95	185379
429.227	196	17.26	99618
417.224	197	5	68476
637.375	198	17.18	106660
475.377	199	16.99	196047
293.21	200	8.48	104054
315.123	201	7.63	80893
431.207	202	18.73	158757
453.371	203	23.27	107005
395.368	204	19.43	98822
344.183	205	8.84	105281
445.222	206	19.69	88292
353.304	207	21.33	78968
417.224	208	18.99	124201
439.357	209	16.99	289084
455.352	210	21.92	158043
516.405	211	5.72	73389
311.221	212	8.46	75847
445.367	213	21.99	187006
256.261	214	20.65	95143
473.363	215	18.33	198036
330.169	216	7.12	74325
477.285	217	15.01	71071
395.331	218	19.54	105587
439.357	219	13.07	94285
654.4	220	14.54	94959
581.181	221	11.64	233992
299.091	222	6.86	88940
656.285	223	16.82	74478
529.21	224	14.02	143985
352.322	225	19.6	104875
385.189	226	8.95	84344
473.363	227	21.05	129496
449.288	228	18.95	95683
279.23	229	8.72	80871
439.357	230	24.29	102209
732.301	231	13.53	152950
443.352	232	15.9	121494
293.21	233	8.2	105347
730.546	234	24.37	84259
591.425	235	19.99	85613
342.169	236	8.35	69600
437.378	237	22.9	108953
297.243	238	8.72	70065
727.276	239	17.35	88084
285.185	240	8.46	50933
628.195	241	25.35	65617
641.323	242	8.89	55090
313.142	243	10.78	75443
443.352	244	16.22	139106
707.307	245	17.33	84530
297.243	246	17.35	56536
730.546	247	22.97	137668
287.222	248	13.09	71179
284.294	249	23.73	69106
449.288	250	21.29	79317
1006.487	251	23.61	67826
605.24	252	14.88	50067
489.358	253	18.09	77504
642.271	254	15.99	86851
287.165	255	7.48	64721
352.147	256	11.96	57579
455.352	257	19.97	91889
297.243	258	15.86	72340
674.297	259	15.13	84886
333.206	260	5.55	115213
441.372	261	21.5	116487
437.378	262	19.65	84459
732.301	263	14.6	158228
489.358	264	11.79	417215
353.269	265	12.57	130364
269.116	266	11.53	83162
703.295	267	11.96	56445
714.552	268	22.5	80528
475.307	269	19.75	46074
353.269	270	14.92	172237
487.38	271	22.95	59789
443.388	272	18.22	90587
344.183	273	4.9	58763
311.221	274	8.2	89786
475.307	275	20.16	55208
303.124	276	3.6	71437
723.3	277	14.24	68992
461.362	278	13.3	68690
459.348	279	12.23	91433
457.366	280	19.78	230553
415.101	281	10.83	56730
431.207	282	5.43	52212
599.231	283	13.43	66140
371.112	284	8.37	52554
578.23	285	11.85	56460
487.38	286	23.1	64553
550.235	287	12.83	56714
826.388	288	17.41	55453
423.362	289	18.29	77956
348.133	290	7.1	63571
533.384	291	25.32	51832
439.357	292	23.14	111845
441.372	293	16.24	87010
598.268	294	11.34	91154
369.059	295	7.07	127166
471.383	296	21.14	85139
676.275	297	12.96	49554
700.383	298	22.73	72396
339.325	299	22.46	72924
347.113	300	9.74	42914
647.189	301	9.21	46356
427.356	302	22.14	81485
223.097	303	9.82	52014
440.359	304	19.46	106302
568.481	305	23.42	59448
381.336	306	23.71	89255
581.351	307	19.6	52287
488.374	308	17.5	53061
683.308	309	14.24	55287
730.546	310	23.42	74414
439.357	311	22.78	116285
295.227	312	10.19	54734
344.183	313	8.29	55695
427.356	314	24.03	76736
310.311	315	23.84	61857
336.326	316	18.71	71084
475.377	317	11.85	274603
461.362	318	21.69	70979
580.254	319	12.17	44268
273.185	320	12.17	56634
244.227	321	12	38798
413.364	322	20.97	63516
333.206	323	8.05	57232
700.557	324	22.78	41346
660.282	325	14.15	62260
473.363	326	10.55	583814
357.301	327	21.2	55575
441.372	328	17.6	171969
455.352	329	12.06	241013
469.402	330	23.9	52266
524.451	331	23.63	44947
297.184	332	13.19	58313
415.212	333	11.44	42123
443.352	334	19.95	79337
554.174	335	23.03	40835
211.169	336	4.84	34116
299.127	337	6.58	40198
415.32	338	21.22	49222
299.127	339	10.66	44466
529.408	340	23.61	46693
485.382	341	23.82	46714
439.357	342	18.29	201053
567.328	343	18.56	48147
301.216	344	10.72	48085
718.289	345	12.72	94622
429.336	346	22.16	54315
338.342	347	26.34	43164
399.218	348	17.99	39648
385.054	349	5.76	74216
425.378	350	21.78	39683
730.546	351	22.29	58805
283.262	352	23.16	44684
612.284	353	12.64	58038
403.067	354	5.78	55590
239.236	355	22.78	42370
351.253	356	13.24	106227
457.366	357	17.52	97271
521.36	358	22.8	36589
393.298	359	25.55	31884
461.362	360	20.92	59938
580.211	361	14.73	47185
211.132	362	1.39	71803
285.111	363	9.68	31071
437.341	364	21.95	70532
593.277	365	21.88	34363
229.143	366	1.38	62747
371.1	367	23.03	36191
277.215	368	10.19	32112
371.279	369	14.92	74777
436.399	370	23.97	43056
656.529	371	23.01	43381
425.378	372	19.9	70442
588.412	373	22.31	53794
459.348	374	23.14	34891
229.143	375	3.12	130894
598.268	376	10.89	34826
523.378	377	24.46	42093
281.246	378	12.98	36242
453.335	379	17.86	114060
351.232	380	10.23	39200
293.21	381	10.02	61252
317.21	382	5.57	34833
331.19	383	5.89	61280
423.362	384	17.6	55474
441.372	385	18.84	41661
471.348	386	10.36	191228
443.352	387	12.96	70512
369.263	388	13.36	80223
463.282	389	22.76	40135
453.335	390	11.79	65805
331.284	391	20.16	30711
612.504	392	23.2	32826
409.31	393	22.52	33143
441.372	394	12.02	36657
489.358	395	11.27	61135
718.548	396	24.03	34177
309.207	397	9.12	31315
357.336	398	23.1	32554
537.214	399	11.94	33133
409.255	400	12.47	31962
516.405	401	22.82	31312
609.184	402	2.59	27816
535.269	403	22.29	29717
440.359	404	19.84	56854
295.227	405	6.82	30290
453.371	406	20.31	32506
471.383	407	20.29	38993
367.358	408	25.44	51414
589.41	409	24.2	30525
740.531	410	22.16	36616
423.362	411	23.71	28009
411.363	412	21.22	38613
489.358	413	12.51	62756
328.321	414	21.63	29916
473.363	415	17.31	84835
207.138	416	1.89	29998
490.272	417	11.34	26581
591.462	418	21.88	86808
443.352	419	20.9	37213
387.106	420	4.86	39007
415.32	421	20.92	27726
423.362	422	17.9	85769
487.343	423	9.89	136216
487.343	424	10.34	75175
471.348	425	9.48	36322
431.244	426	20.03	34170
423.362	427	21.18	48045
425.378	428	18.6	60832
469.369	429	22.33	27355
788.611	430	22.35	26460
441.372	431	22.27	53202
502.426	432	18.86	26099
595.234	433	17.97	27666
443.352	434	17.52	33533
330.169	435	5.8	49032
297.243	436	8.46	27848
469.369	437	20.69	25526
489.358	438	9.38	54722
728.533	439	22.71	39601
714.552	440	22.14	31793
251.185	441	1.97	30708
439.357	442	17.88	93608
455.352	443	10.31	25838
471.348	444	10.02	30399
471.348	445	9.87	83834
439.357	446	22.54	56982
489.358	447	10.61	37636
620.402	448	22.67	22978
487.343	449	10.74	27390